0   0   0   0 0 0 0 0 0 0 0 0 0 
0   104 104 104 104 104 104 104 104 104 104 104 0 
0   5   11  11 11 11 6 12 12 12 12 5 0 
0   4   103 103 103 103 3 103 103 103 103 4 0 
302 9   104 104 104 104 3 104 104 104 104 10 301 
0   4   11   11 11 11 13 12 12 12 12 4 0 
302 9   103 103 103 103 3 103 103 103 103 10 301 
0   4   104 104 104 104 3 104 104 104 104 4 0 
302 9   11   11 11 11 13 12 12 12 12 10 301 
0   4   103 103 103 103 3 103 103 103 103 4 0 
0   10  2   2 10 2 3 1 9 1 1 9 0 
0   2   202 3 2 202 3 201 1 3 201 1 0 
0   0   0   0 0 0 0 0 0 0 0 0 0 